0.185263
0.201966
0.159895
0.00273055
1.10461
2.20744
0.348323
12.7217
2.46727
1.58791
4.06628
0.321216
3.60089
0.536948
0.667773
1.09444
0.842727
3.54729
1.54232
1.38592
1.50846
0.568546
0.649439
3.88156
3.01494
0.715019
0.785885
2.20833
1.57807
1.04669
0.195088
0.647986
0.485042
0.811958
0.274121
1.92241
0.552209
0.483253
3.01698
4.60678
0.646966
1.99891
6.09309
4.96005
2.60098
0.402121
0.218538
1.22999
0.0931111
4.23092
0.763557
1.58563
1.48347
0.971072
0.173896
1.27699
2.07013
3.82907
0.0515569
1.25238
0.0147222
1.30935
3.80293
0.915593
1.368
0.293871
0.538282
2.68693
0.734843
0.760786
1.43025
1.89639
0.728097
0.799712
2.09846
0.238184
1.58208
0.233885
1.88818
0.544172
0.548854
3.45173
1.56288
1.21658
1.94411
2.70857
0.157364
4.04194
1.24753
0.770945
1.58023
0.743348
1.93688
0.470274
1.02097
2.1853
2.62573
1.27912
6.03692
0.121239
0.502698
2.3678
2.01992
1.15593
3.39834
0.187639
1.46627
2.93992
2.04179
2.65452
0.498605
0.442088
4.87324
3.0107
1.44904
1.77973
0.627035
4.58711
0.389251
0.397899
0.963804
0.633144
2.21716
0.402571
1.58934
0.642289
2.43342
3.25577
0.410196
0.0117401
1.4459
0.915027
2.0264
4.29144
3.71017
1.34126
1.5171
3.29785
1.01041
1.31901
0.35971
0.666128
2.12645
1.45751
5.38355
0.403896
1.14712
0.248455
1.64573
0.317137
6.59485
0.362364
0.672335
3.02696
3.24968
3.61263
4.18547
1.57932
2.9589
3.41687
2.92257
0.336099
0.338317
2.23304
4.84104
1.92089
0.654313
1.43669
0.477711
0.257964
2.30608
0.252821
3.0145
1.40061
15.1913
0.76753
1.80311
2.75361
0.747612
0.972012
4.59453
1.79497
0.848715
2.48237
3.14549
5.9789
2.26234
0.452278
0.469986
0.77035
0.406948
2.09514
4.65511
1.48449
5.59963
1.33892
1.14914
0.132309
0.408832
2.55521
1.89634
3.41933
0.0879745
0.175937
0.658055
0.153903
1.87174
0.0968074
3.75791
1.97703
0.457773
0.921915
1.24069
0.0549758
0.125146
4.24752
1.12994
0.290722
2.18045
0.191138
4.16627
3.29789
1.50886
0.604418
0.508322
5.85972
0.878493
4.30026
2.1943
2.8972
2.12824
0.0836277
0.849241
0.636442
1.7543
9.42367
0.3459
4.48228
1.38388
2.20549
0.636311
2.98366
0.847229
2.06968
0.675244
0.983666
6.53544
4.11598
0.431979
