74.4509
1.81012
4.25658
7.95829
0.535428
1.4853
4.0808
2.03623
2.12477
1.63879
3.88049
0.879229
3.81136
3.59154
2.85214
6.6754
6.50912
4.57675
4.8825
4.77512
1.48967
1.20088
1.18984
0.864904
3.63053
11.5605
0.375772
1.36699
4.06544
2.60877
0.833656
1.78122
0.634918
5.14887
1.90088
3.66487
1.7715
0.649835
0.393341
0.33377
4.95662
0.363951
2.5104
0.947171
1.15527
3.26522
6.56618
3.38147
4.67073
11.7418
3.46648
3.85029
2.23908
1.35269
1.08248
1.50061
3.43169
8.38262
1.46592
1.80971
0.350358
6.53001
6.05445
2.65463
1.84875
6.86401
1.74301
3.10577
3.15275
10.0224
3.37259
5.87222
2.01794
1.27345
0.407542
2.59681
1.69584
2.72315
0.988281
1.14007
4.26481
5.40561
1.00302
2.56959
1.54468
4.44402
0.0681756
3.43935
0.243649
0.437193
2.69919
2.18732
1.64188
4.41382
1.53231
1.39569
7.10723
3.32307
2.52185
3.42787
1.84465
5.11328
1.17042
1.92606
1.02044
2.36651
1.6743
3.71289
1.40416
0.788304
3.59381
3.90974
3.0556
3.41749
0.945961
1.55607
0.461887
2.74912
1.66765
3.38375
5.24844
6.57045
1.29627
4.50232
3.29165
2.63666
0.106336
2.69404
0.953039
4.24046
1.13828
0.141567
4.35465
1.12785
0.842422
5.40874
21.2562
4.13399
5.55885
2.52991
4.63942
3.25628
1.39102
0.163692
4.40109
0.530489
0.346548
2.5862
4.60483
0.504891
7.48135
0.94664
6.56606
1.19119
2.18601
1.49161
2.26668
2.89718
2.16763
2.72968
2.38252
4.97318
2.41627
0.267875
4.22281
1.8921
2.31797
5.40737
7.70551
1.67497
0.770522
1.69795
4.03044
1.22139
5.03671
1.52055
2.27938
1.7916
6.9815
1.81098
1.23072
3.90157
1.49179
0.828737
1.97111
3.51645
0.38055
1.89166
1.23384
6.62976
0.316563
10.7562
3.61244
0.745299
1.27495
0.858238
1.96432
1.78236
5.13342
2.21847
2.75136
1.72234
7.53659
8.28429
0.159081
1.04265
2.63783
2.18997
1.0618
0.592334
8.91422
2.28481
0.980058
3.28581
4.62317
2.01358
5.57975
1.43872
2.59673
5.94816
1.6992
7.01105
4.08739
2.34972
2.08085
4.2782
1.65462
5.62869
2.98912
0.568161
0.142159
0.715171
0.293118
8.50603
6.232
0.684595
2.53915
0.295511
1.78391
0.92609
2.85044
9.4648
0.125671
6.68362
4.04126
2.77872
6.52734
1.55793
2.31529
